268,14,19.142857142857142,166,2
313,9,34.77777777777778,212,2
142,34,4.176470588235294,63,1+
170,27,6.296296296296297,81,1
136,31,4.387096774193548,84,1
146,25,5.84,85,1
243,9,27.0,152,2
266,9,29.555555555555557,178,3
321,13,24.692307692307693,198,3
0,1,0.0,0,1
291,11,26.454545454545453,197,2
276,17,16.235294117647058,156,2
406,9,45.111111111111114,235,2
95,15,6.333333333333333,64,1
247,12,20.583333333333332,85,1+
311,15,20.733333333333334,200,2
178,15,11.866666666666667,102,1+
292,14,20.857142857142858,163,2
281,12,23.416666666666668,196,2+
324,11,29.454545454545453,168,2+
78,8,9.75,59,1+
220,9,24.444444444444443,135,2+
361,11,32.81818181818182,186,2
383,14,27.357142857142858,239,2+
159,11,14.454545454545455,124,1+
191,9,21.22222222222222,119,2+
273,11,24.818181818181817,176,3
381,13,29.307692307692307,217,3
326,7,46.57142857142857,165,2+
398,14,28.428571428571427,253,3
345,10,34.5,215,3
474,31,15.290322580645162,262,3
231,8,28.875,147,2
295,12,24.583333333333332,204,2+
253,15,16.866666666666667,150,2
83,12,6.916666666666667,57,1
469,24,19.541666666666668,283,3
143,8,17.875,88,2
293,11,26.636363636363637,164,2+
343,22,15.590909090909092,184,3
244,15,16.266666666666666,157,3
274,34,8.058823529411764,165,2+
271,10,27.1,170,2
271,11,24.636363636363637,177,2
251,12,20.916666666666668,146,3
201,9,22.333333333333332,123,2
494,21,23.523809523809526,275,2+
356,15,23.733333333333334,148,3
224,10,22.4,145,2+
338,12,28.166666666666668,198,2+
311,13,23.923076923076923,199,2
232,12,19.333333333333332,126,2+
93,4,23.25,65,1+
219,12,18.25,132,2+
313,12,26.083333333333332,188,2
326,13,25.076923076923077,192,3
318,10,31.8,196,2
67,14,4.785714285714286,48,1
204,12,17.0,139,2
217,9,24.11111111111111,125,2+
327,12,27.25,206,3
377,32,11.78125,169,2+
161,9,17.88888888888889,109,2+
276,11,25.09090909090909,148,2
116,15,7.733333333333333,80,1
249,9,27.666666666666668,146,2
252,10,25.2,153,3
160,12,13.333333333333334,122,1+
132,6,22.0,97,1+
208,9,23.11111111111111,128,2
188,8,23.5,115,2
359,13,27.615384615384617,203,2+
307,18,17.055555555555557,181,2+
165,10,16.5,102,1+
174,18,9.666666666666666,105,1
155,5,31.0,108,1+
263,8,32.875,157,2+
271,16,16.9375,142,2+
200,14,14.285714285714286,128,1+
155,20,7.75,103,1
253,14,18.071428571428573,164,1+
272,9,30.22222222222222,146,2
18,3,6.0,17,1
293,11,26.636363636363637,160,3
158,11,14.363636363636363,123,1+
313,81,3.8641975308641974,147,3
200,29,6.896551724137931,118,1
586,20,29.3,295,3
291,13,22.384615384615383,213,2
292,18,16.22222222222222,159,2
90,4,22.5,68,2
246,15,16.4,144,3
314,14,22.428571428571427,197,2+
191,9,21.22222222222222,121,1+
234,13,18.0,142,3
67,13,5.153846153846154,50,1
170,9,18.88888888888889,102,3
247,21,11.761904761904763,150,2
254,19,13.368421052631579,155,1
267,8,33.375,176,2+
453,16,28.3125,236,2+
315,12,26.25,170,2+
332,17,19.529411764705884,203,2
322,24,13.416666666666666,170,3
322,24,13.416666666666666,170,3
254,19,13.368421052631579,146,2
254,12,21.166666666666668,141,2+
354,26,13.615384615384615,193,3
229,12,19.083333333333332,143,2
112,17,6.588235294117647,74,1
242,11,22.0,143,2+
157,6,26.166666666666668,102,1+
390,7,55.714285714285715,230,2+
211,13,16.23076923076923,130,2
443,15,29.533333333333335,213,2
189,17,11.117647058823529,121,2
204,11,18.545454545454547,149,2
120,10,12.0,81,1
226,18,12.555555555555555,133,2
306,13,23.53846153846154,169,2
367,44,8.340909090909092,169,2+
461,31,14.870967741935484,276,2+
205,13,15.76923076923077,136,2
265,17,15.588235294117647,147,1+
66,13,5.076923076923077,39,1
320,24,13.333333333333334,170,2
10,6,1.6666666666666667,6,1
289,12,24.083333333333332,183,2+
274,17,16.11764705882353,180,2
201,16,12.5625,112,2+
229,21,10.904761904761905,155,1+
194,14,13.857142857142858,139,3
430,17,25.294117647058822,225,2+
259,11,23.545454545454547,156,2
371,23,16.130434782608695,228,2+
106,6,17.666666666666668,65,2
541,16,33.8125,318,2+
249,10,24.9,133,2
180,14,12.857142857142858,118,2+
154,9,17.11111111111111,104,2
426,26,16.384615384615383,213,2
229,9,25.444444444444443,149,3
180,14,12.857142857142858,123,2+
164,4,41.0,101,2+
435,21,20.714285714285715,233,3
448,22,20.363636363636363,269,2+
280,8,35.0,157,2
279,13,21.46153846153846,151,2+
345,28,12.321428571428571,182,2
160,14,11.428571428571429,107,1
65,4,16.25,46,2+
318,14,22.714285714285715,176,2
227,22,10.318181818181818,155,2
238,12,19.833333333333332,139,2
235,23,10.217391304347826,127,1+
283,19,14.894736842105264,149,2
316,17,18.58823529411765,173,3
259,18,14.38888888888889,147,3
290,17,17.058823529411764,166,2
316,14,22.571428571428573,199,2+
291,12,24.25,158,3
234,11,21.272727272727273,149,2
228,8,28.5,145,1+
111,21,5.285714285714286,70,1
176,12,14.666666666666666,99,1
159,24,6.625,89,1
131,22,5.954545454545454,100,1
287,12,23.916666666666668,188,2
301,12,25.083333333333332,191,2+
245,16,15.3125,139,2+
170,6,28.333333333333332,108,2
237,10,23.7,148,3
291,18,16.166666666666668,202,2+
155,8,19.375,111,1+
223,9,24.77777777777778,120,2+
200,13,15.384615384615385,126,2
280,16,17.5,172,2
164,10,16.4,105,2
221,10,22.1,137,2+
178,7,25.428571428571427,105,2
195,10,19.5,110,2
185,8,23.125,130,2+
122,7,17.428571428571427,91,1+
169,5,33.8,104,2+
69,9,7.666666666666667,54,1
195,9,21.666666666666668,129,2+
176,19,9.263157894736842,130,2
126,9,14.0,97,2
158,22,7.181818181818182,78,2+
162,17,9.529411764705882,120,1+
164,12,13.666666666666666,113,1+
395,17,23.235294117647058,235,2+
328,21,15.619047619047619,184,2+
243,15,16.2,153,2+
166,10,16.6,96,1+
175,9,19.444444444444443,107,1+
340,20,17.0,186,2+
371,18,20.61111111111111,226,3
257,11,23.363636363636363,135,2
127,8,15.875,92,2
202,6,33.666666666666664,127,2
260,18,14.444444444444445,174,3
240,9,26.666666666666668,140,2+
145,18,8.055555555555555,79,1
409,26,15.73076923076923,222,3
242,13,18.615384615384617,149,2+
408,31,13.161290322580646,215,3
226,21,10.761904761904763,145,3
243,9,27.0,168,2
120,20,6.0,90,1
157,12,13.083333333333334,106,2
269,14,19.214285714285715,142,2
366,27,13.555555555555555,195,2+
347,14,24.785714285714285,186,2
179,26,6.884615384615385,101,1
145,7,20.714285714285715,98,1+
324,37,8.756756756756756,185,2+
232,10,23.2,153,2+
315,12,26.25,174,2
243,15,16.2,140,2
202,28,7.214285714285714,119,1
342,19,18.0,191,3
185,10,18.5,120,2+
269,32,8.40625,188,3
78,6,13.0,59,2
370,16,23.125,205,2+
191,20,9.55,118,1
105,8,13.125,71,1+
203,8,25.375,135,2+
507,11,46.09090909090909,235,2+
288,12,24.0,162,3
259,23,11.26086956521739,170,2+
120,7,17.142857142857142,91,2
363,15,24.2,193,2+
323,24,13.458333333333334,190,3
63,22,2.8636363636363638,42,1
183,13,14.076923076923077,116,2
223,19,11.736842105263158,144,1+
79,11,7.181818181818182,52,1
168,12,14.0,103,1+
289,17,17.0,178,2+
254,13,19.53846153846154,174,2+
248,15,16.533333333333335,143,2+
200,7,28.571428571428573,134,2
181,27,6.703703703703703,122,1
170,25,6.8,98,1
119,7,17.0,79,2
164,25,6.56,96,1
114,10,11.4,82,1
108,21,5.142857142857143,70,1
41,16,2.5625,26,1
305,14,21.785714285714285,163,2
412,12,34.333333333333336,219,3
452,13,34.76923076923077,253,3
255,14,18.214285714285715,150,2
230,6,38.333333333333336,162,3
284,16,17.75,174,2
192,17,11.294117647058824,86,1
242,10,24.2,145,2
323,13,24.846153846153847,185,2+
358,18,19.88888888888889,199,2
310,21,14.761904761904763,182,3
213,12,17.75,152,2
316,14,22.571428571428573,190,2
217,7,31.0,118,3
132,9,14.666666666666666,89,1+
493,24,20.541666666666668,268,3
295,19,15.526315789473685,187,2+
100,8,12.5,64,2
261,13,20.076923076923077,154,2
242,11,22.0,144,2
184,8,23.0,119,2+
376,19,19.789473684210527,208,2+
313,14,22.357142857142858,156,2
243,9,27.0,130,2
151,19,7.947368421052632,85,1
213,10,21.3,126,2
256,12,21.333333333333332,151,2+
175,11,15.909090909090908,127,2
131,9,14.555555555555555,102,2
0,1,0.0,0,2
352,12,29.333333333333332,217,3
232,9,25.77777777777778,162,2
164,44,3.727272727272727,79,1
355,30,11.833333333333334,187,2+
110,7,15.714285714285714,74,2+
278,13,21.384615384615383,184,2+
230,10,23.0,124,2+
124,27,4.592592592592593,73,1
134,30,4.466666666666667,76,1
183,19,9.631578947368421,125,1
288,10,28.8,182,2
388,16,24.25,218,3
277,17,16.294117647058822,168,2
242,16,15.125,159,3
355,17,20.88235294117647,160,2+
246,17,14.470588235294118,144,2+
470,11,42.72727272727273,261,3
86,16,5.375,68,1
185,35,5.285714285714286,112,1
216,10,21.6,142,2
126,13,9.692307692307692,94,2
356,38,9.368421052631579,167,2+
326,19,17.157894736842106,216,3
310,17,18.235294117647058,149,2+
226,9,25.11111111111111,156,2
225,13,17.307692307692307,130,2
340,25,13.6,203,2
126,10,12.6,94,2
205,8,25.625,134,2
277,15,18.466666666666665,179,2
138,13,10.615384615384615,58,1
172,12,14.333333333333334,132,1+
224,13,17.23076923076923,140,2+
355,23,15.434782608695652,180,2+
139,7,19.857142857142858,82,2
226,9,25.11111111111111,130,2
309,17,18.176470588235293,167,2
216,9,24.0,131,2
310,21,14.761904761904763,174,2
302,16,18.875,167,2+
266,13,20.46153846153846,181,2
212,11,19.272727272727273,122,2+
97,14,6.928571428571429,49,1
276,8,34.5,169,2
245,10,24.5,138,2
202,14,14.428571428571429,127,2
311,14,22.214285714285715,183,2
170,10,17.0,115,1+
269,16,16.8125,156,2
205,16,12.8125,120,1+
311,10,31.1,172,2+
270,18,15.0,143,2
447,16,27.9375,236,3
212,17,12.470588235294118,124,3
173,7,24.714285714285715,97,1+
282,16,17.625,151,3+
282,16,17.625,151,3+
404,13,31.076923076923077,245,3
315,14,22.5,175,3+
258,6,43.0,142,2
181,4,45.25,133,3
289,19,15.210526315789474,162,2+
376,18,20.88888888888889,192,2+
233,12,19.416666666666668,158,2
179,11,16.272727272727273,111,2
166,7,23.714285714285715,107,1+
365,9,40.55555555555556,198,3
258,15,17.2,196,2
319,20,15.95,173,2+
259,13,19.923076923076923,160,2+
240,8,30.0,161,2
137,12,11.416666666666666,93,2
373,14,26.642857142857142,228,3
245,16,15.3125,142,2+
258,12,21.5,169,2+
208,10,20.8,140,2
122,8,15.25,83,2
213,13,16.384615384615383,145,2+
162,11,14.727272727272727,113,2+
210,9,23.333333333333332,138,3
239,9,26.555555555555557,144,2
223,21,10.619047619047619,149,1+
145,11,13.181818181818182,97,2
232,12,19.333333333333332,139,2
192,8,24.0,133,3
241,8,30.125,151,3
289,13,22.23076923076923,155,2+
320,15,21.333333333333332,199,2+
261,7,37.285714285714285,168,3
341,13,26.23076923076923,218,3
230,8,28.75,143,2
237,14,16.928571428571427,127,2+
227,10,22.7,160,2
145,7,20.714285714285715,89,1+
272,15,18.133333333333333,185,2+
313,9,34.77777777777778,171,3
247,14,17.642857142857142,162,2
141,14,10.071428571428571,111,2
175,10,17.5,127,2
195,11,17.727272727272727,129,2+
311,10,31.1,177,2+
227,8,28.375,154,3
241,10,24.1,152,2
369,26,14.192307692307692,228,2
316,16,19.75,178,3
130,17,7.647058823529412,50,1
146,18,8.11111111111111,58,1
344,8,43.0,203,2+
131,6,21.833333333333332,79,1+
235,8,29.375,148,2
477,34,14.029411764705882,216,2+
148,15,9.866666666666667,84,2
314,14,22.428571428571427,192,2+
78,5,15.6,60,2
168,12,14.0,113,2
207,10,20.7,136,2
408,19,21.473684210526315,238,2+
580,30,19.333333333333332,280,3
209,8,26.125,116,2+
241,12,20.083333333333332,140,2+
122,9,13.555555555555555,82,2
246,15,16.4,147,2+
234,10,23.4,154,2+
144,18,8.0,72,1+
272,11,24.727272727272727,179,2
286,20,14.3,178,2
207,12,17.25,119,2
448,17,26.352941176470587,243,3
156,14,11.142857142857142,87,1
203,10,20.3,119,1
342,10,34.2,220,2+
163,15,10.866666666666667,109,2
69,16,4.3125,50,1
419,12,34.916666666666664,235,3
347,18,19.27777777777778,207,2+
301,7,43.0,172,3
236,8,29.5,153,3
274,20,13.7,162,2+
296,14,21.142857142857142,179,2+
139,12,11.583333333333334,85,2+
300,22,13.636363636363637,150,2+
374,19,19.68421052631579,191,2+
133,20,6.65,62,1
291,11,26.454545454545453,156,3
185,4,46.25,137,3
272,12,22.666666666666668,153,2+
335,8,41.875,167,3
305,19,16.05263157894737,184,2
364,18,20.22222222222222,212,2
48,14,3.4285714285714284,34,1
296,11,26.90909090909091,157,2+
373,9,41.44444444444444,226,2+
309,15,20.6,172,2+
65,12,5.416666666666667,44,1
258,15,17.2,157,3
409,22,18.59090909090909,248,2+
282,13,21.692307692307693,190,2+
153,9,17.0,113,2
551,35,15.742857142857142,237,3
357,19,18.789473684210527,237,3
252,11,22.90909090909091,154,2
79,13,6.076923076923077,61,1
112,15,7.466666666666667,62,1
133,17,7.823529411764706,78,1
342,19,18.0,175,3
157,16,9.8125,86,1
123,13,9.461538461538462,76,1
253,10,25.3,161,2
162,25,6.48,90,1
48,9,5.333333333333333,28,1
310,18,17.22222222222222,184,3
287,16,17.9375,157,2
89,13,6.846153846153846,44,1
71,14,5.071428571428571,49,1
102,7,14.571428571428571,63,2
288,18,16.0,172,2
285,21,13.571428571428571,175,3
323,8,40.375,176,2
328,22,14.909090909090908,214,2
276,16,17.25,159,2
212,13,16.307692307692307,131,2+
195,9,21.666666666666668,120,2+
223,15,14.866666666666667,133,3
195,9,21.666666666666668,120,2+
152,8,19.0,85,2+
107,6,17.833333333333332,70,2
143,11,13.0,83,2
175,13,13.461538461538462,110,1
151,10,15.1,104,1+
83,24,3.4583333333333335,46,1
183,9,20.333333333333332,113,2+
276,12,23.0,166,2
137,11,12.454545454545455,100,1+
52,14,3.7142857142857144,31,1
161,11,14.636363636363637,103,1+
207,10,20.7,122,2
134,47,2.851063829787234,82,2
284,9,31.555555555555557,165,2
347,16,21.6875,205,3
159,21,7.571428571428571,106,1+
70,16,4.375,47,1
172,14,12.285714285714286,109,1
248,15,16.533333333333335,171,3
460,14,32.857142857142854,255,3
285,13,21.923076923076923,178,3
200,11,18.181818181818183,128,2
173,23,7.521739130434782,77,1+
297,17,17.470588235294116,150,2+
72,12,6.0,44,1
157,21,7.476190476190476,86,1
104,26,4.0,60,1
153,27,5.666666666666667,67,1
168,24,7.0,86,1
78,13,6.0,53,1
126,28,4.5,76,1
29,8,3.625,17,1
76,27,2.814814814814815,31,1
42,11,3.8181818181818183,22,1
43,13,3.3076923076923075,34,1
34,23,1.4782608695652173,14,1
32,21,1.5238095238095237,17,1
31,15,2.066666666666667,20,1
101,30,3.3666666666666667,66,1
18,15,1.2,4,1
201,26,7.730769230769231,141,1
43,21,2.0476190476190474,30,1
141,18,7.833333333333333,48,1
34,9,3.7777777777777777,23,1
102,13,7.846153846153846,48,1
86,35,2.4571428571428573,43,1
23,8,2.875,15,1
19,18,1.0555555555555556,11,1
117,27,4.333333333333333,54,1
42,15,2.8,25,1
58,16,3.625,37,1
182,51,3.5686274509803924,27,1
41,23,1.7826086956521738,20,1
88,12,7.333333333333333,52,1
1,2,0.5,0,1
2,2,1.0,1,1
22,11,2.0,11,1
19,19,1.0,1,1
79,33,2.393939393939394,45,1
99,11,9.0,65,1
92,13,7.076923076923077,64,1
25,20,1.25,8,1
55,11,5.0,41,2
83,14,5.928571428571429,61,2
98,11,8.909090909090908,54,2
143,44,3.25,44,2
162,25,6.48,102,2
93,12,7.75,60,2
114,12,9.5,77,2
90,16,5.625,61,2
82,14,5.857142857142857,53,2
15,4,3.75,13,2
79,23,3.4347826086956523,44,2
227,34,6.676470588235294,83,2
161,14,11.5,90,2
70,27,2.5925925925925926,38,2
130,12,10.833333333333334,83,2
173,20,8.65,110,2
3,2,1.5,2,2
98,14,7.0,53,2
208,35,5.942857142857143,106,2
76,19,4.0,48,2
130,21,6.190476190476191,89,2
91,14,6.5,69,2
119,9,13.222222222222221,66,2
141,28,5.035714285714286,86,2
294,22,13.363636363636363,145,2
143,9,15.88888888888889,86,2
109,11,9.909090909090908,66,2
63,11,5.7272727272727275,48,2
81,23,3.5217391304347827,46,2
104,12,8.666666666666666,65,2
182,47,3.872340425531915,101,2
144,14,10.285714285714286,96,2
191,19,10.052631578947368,110,2
10,4,2.5,8,2
50,10,5.0,39,2
151,14,10.785714285714286,100,2
233,24,9.708333333333334,143,2
115,21,5.476190476190476,70,2
53,18,2.9444444444444446,38,2
159,14,11.357142857142858,111,2
123,26,4.730769230769231,66,2
99,12,8.25,77,2
123,24,5.125,59,2
199,36,5.527777777777778,96,2
75,16,4.6875,40,2
3,3,1.0,1,2
12,3,4.0,10,2
22,5,4.4,20,2
157,10,15.7,99,2
110,23,4.782608695652174,75,2
231,32,7.21875,134,2
233,29,8.03448275862069,135,3
326,30,10.866666666666667,217,3
330,24,13.75,160,3
